K = 10
N = 20
M = 20
P = 50

0 0 1 1 1 1 1 0 1 0 0 0 0 1 1 0 0 1 1 1 
0 0 1 0 0 0 0 1 0 0 0 0 0 0 0 1 0 1 0 1 
1 1 0 1 1 0 1 0 1 0 1 0 1 0 0 1 1 0 1 0 
1 0 1 1 1 1 1 0 0 1 1 0 0 0 1 0 1 0 0 1 
0 0 0 0 1 1 1 0 1 0 0 0 0 1 0 1 0 1 1 0 
1 1 0 0 1 0 1 0 0 1 1 0 1 1 0 0 0 0 0 1 
1 0 1 0 1 0 0 1 0 1 1 1 1 1 1 1 0 0 0 1 
1 0 1 0 0 1 1 0 0 1 0 1 1 1 0 0 1 1 0 1 
0 1 1 0 0 0 1 1 0 1 0 1 0 1 0 1 1 0 0 1 
1 0 0 0 0 0 1 1 0 0 0 0 1 0 1 0 1 0 0 1 
1 0 1 1 0 0 1 1 1 1 0 0 1 0 0 0 0 0 1 1 
1 1 0 1 0 1 1 0 0 0 1 0 1 0 0 0 1 1 1 1 
0 1 1 0 1 0 1 1 0 0 1 1 1 1 0 1 0 0 1 0 
1 0 0 1 0 1 0 0 0 1 0 1 1 1 1 0 0 1 0 0 
1 0 1 0 0 1 1 0 1 1 1 0 1 0 1 1 0 1 1 1 
1 0 1 1 0 0 1 0 0 0 0 1 1 1 0 1 0 1 0 1 
1 0 1 1 1 1 1 1 1 0 0 1 0 1 0 0 0 0 1 0 
0 0 0 0 0 1 0 1 1 1 0 0 0 1 1 1 1 0 0 0 
1 0 0 1 0 0 1 1 0 0 0 0 0 1 1 1 0 1 1 1 
1 0 1 1 0 1 0 0 1 1 1 0 1 1 0 1 0 1 1 0 

0 0 1 1 1 0 1 0 1 0 0 0 1 1 0 0 1 1 1 0 
1 0 0 0 0 0 0 0 0 0 1 1 0 1 0 1 0 0 1 1 
0 1 1 1 0 1 0 1 1 1 1 0 1 1 1 0 0 1 1 0 
0 1 1 1 0 1 1 0 1 0 1 0 0 0 1 1 0 1 0 1 
0 1 0 1 0 1 1 0 1 1 0 1 1 1 1 1 1 0 0 0 
0 0 0 0 1 0 0 1 1 0 1 1 1 1 1 0 1 1 0 0 
0 0 1 0 1 0 0 1 1 0 0 0 1 1 1 1 0 0 1 0 
1 1 0 1 1 1 1 0 0 0 1 1 0 1 0 0 1 1 0 1 
0 1 1 0 1 1 0 0 1 1 0 0 0 0 0 1 1 0 0 0 
0 1 0 0 0 0 0 1 0 0 1 1 0 1 1 0 1 0 0 1 
0 1 0 1 0 1 1 0 0 0 1 0 0 1 1 1 1 1 1 1 
1 1 1 0 1 0 1 0 1 1 0 1 0 1 1 1 0 1 0 1 
1 1 0 1 0 0 1 1 1 0 0 0 1 1 1 1 0 0 1 1 
0 1 1 1 1 0 1 0 0 0 1 0 1 1 1 0 0 0 0 0 
1 0 0 1 1 1 0 1 0 0 0 0 0 1 1 0 0 1 0 0 
1 1 0 0 1 1 1 1 1 0 1 1 0 0 0 1 1 1 1 1 
1 1 0 1 1 0 0 0 1 1 1 0 0 1 0 0 0 1 0 1 
0 1 1 1 0 1 1 0 1 1 1 0 0 0 0 1 0 1 1 0 
0 0 0 1 1 0 0 0 0 0 1 0 1 0 0 0 1 0 1 0 
0 0 1 0 1 0 0 0 0 0 1 0 0 1 0 1 0 0 0 0 

0 1 0 1 0 0 1 1 1 1 0 0 1 1 0 0 1 1 1 0 
1 0 1 0 0 0 0 0 0 1 1 0 0 0 1 0 0 1 0 1 
0 1 0 1 1 0 0 1 1 0 1 0 1 1 0 1 1 0 1 1 
1 0 1 1 0 1 1 0 0 0 0 0 0 1 1 1 0 0 1 1 
1 1 1 0 0 1 0 0 1 1 1 0 0 1 0 0 0 1 0 1 
1 1 0 1 1 0 0 0 0 0 1 1 1 0 0 1 0 1 0 0 
1 1 0 1 0 0 0 0 1 0 1 0 1 1 1 0 0 0 0 1 
1 0 1 0 1 1 1 1 0 1 1 0 0 0 1 0 1 0 1 1 
1 0 1 1 1 1 0 0 1 0 1 1 0 1 1 0 0 1 1 0 
0 0 0 0 1 1 0 1 0 1 0 1 1 1 0 1 1 1 0 0 
1 1 0 1 1 0 0 1 1 0 1 0 1 1 0 1 0 1 1 1 
1 0 0 1 0 1 1 0 1 0 0 1 0 1 0 0 1 0 1 1 
1 0 0 1 1 0 1 1 0 1 0 1 0 0 0 1 1 0 0 0 
0 1 0 1 0 0 0 0 1 0 1 0 0 1 0 0 1 1 1 1 
1 0 0 0 0 1 0 1 1 0 1 0 0 1 1 0 1 0 1 0 
0 1 0 0 1 1 0 1 1 1 0 1 1 0 0 0 0 1 1 0 
1 1 1 1 0 0 0 1 0 0 1 0 1 0 0 1 0 1 1 1 
0 0 1 1 1 0 1 1 0 1 1 0 1 0 0 0 0 0 0 1 
1 1 0 0 0 1 1 0 0 1 1 0 1 0 1 1 1 1 0 1 
0 0 0 0 0 0 1 0 1 0 0 1 0 0 1 1 1 0 0 0 

0 0 1 0 0 0 1 0 1 0 1 1 0 0 0 1 1 1 0 0 
0 0 1 1 0 0 1 1 1 0 0 0 1 1 1 0 1 0 1 0 
0 0 0 1 1 0 1 1 1 1 0 1 0 1 0 1 0 0 1 1 
1 1 1 0 0 0 1 0 1 0 1 1 1 0 0 1 0 0 1 1 
0 0 1 0 1 0 1 0 0 1 1 1 1 1 0 0 0 1 0 1 
0 0 0 1 1 0 0 0 0 0 1 1 1 0 1 0 0 1 1 0 
0 0 0 0 0 0 1 1 1 0 1 0 0 0 0 0 0 0 0 0 
1 0 1 1 0 1 0 0 1 0 1 1 1 0 1 1 1 1 1 1 
0 1 0 0 1 1 0 0 1 0 1 0 0 1 0 0 1 0 1 0 
0 0 0 0 1 0 0 1 1 1 0 0 0 0 0 0 0 1 0 0 
1 0 1 1 0 1 1 1 0 1 0 0 0 0 0 1 0 1 0 0 
0 1 1 1 1 1 0 1 1 1 1 1 0 0 1 0 0 0 0 0 
1 1 0 1 1 1 0 0 0 1 1 1 0 0 1 0 0 0 1 0 
1 1 0 1 1 0 1 1 0 0 1 1 0 0 0 0 0 0 0 0 
1 0 1 1 0 1 0 0 0 1 1 0 1 0 0 1 0 1 1 1 
0 0 1 0 1 0 1 1 0 0 1 1 1 1 0 1 1 1 0 0 
1 1 1 1 0 1 1 0 1 1 0 0 1 1 1 0 0 1 1 0 
0 0 1 1 0 1 1 1 0 0 1 1 0 0 1 1 0 0 1 1 
1 1 1 1 1 1 1 0 1 1 0 0 1 1 0 0 0 1 1 1 
0 1 1 0 0 1 0 0 1 1 0 1 1 1 1 1 1 1 0 1 

0 0 1 1 1 0 1 0 1 0 0 1 0 0 1 1 0 1 1 1 
0 1 0 1 1 0 1 1 1 0 0 0 0 0 1 1 1 1 1 1 
1 1 1 0 0 0 1 0 0 0 0 0 0 0 0 0 1 1 0 0 
0 0 1 1 1 0 1 0 0 1 1 1 0 0 0 1 1 1 0 0 
0 0 1 1 0 1 0 0 1 0 0 0 1 0 1 0 1 1 1 1 
0 1 1 0 0 0 0 1 0 0 1 1 0 0 1 1 1 0 1 0 
1 0 0 0 0 1 0 0 0 1 0 0 1 0 1 1 1 0 1 0 
0 1 1 0 1 1 0 1 0 1 1 0 0 1 0 0 1 1 1 0 
0 1 1 0 1 1 1 1 1 1 0 1 0 0 0 0 0 0 1 0 
0 1 1 0 0 1 0 1 0 1 1 0 1 0 0 1 1 1 0 0 
1 0 1 1 0 0 1 0 1 1 0 1 1 1 0 1 0 0 1 1 
1 1 0 0 0 0 1 1 0 1 1 0 0 1 1 0 1 0 0 1 
0 0 1 0 1 0 1 1 0 0 0 0 1 0 1 1 0 1 0 0 
0 0 0 0 1 0 0 0 1 1 0 1 1 1 1 0 1 0 0 1 
1 1 0 1 0 0 0 1 0 0 1 1 1 0 1 1 0 0 1 1 
0 1 1 0 1 1 0 1 1 0 0 1 1 1 0 1 0 1 1 1 
0 0 1 0 0 1 0 0 1 0 1 0 1 1 0 0 1 0 1 1 
1 1 1 0 0 0 0 1 1 0 0 0 1 1 1 0 0 1 0 1 
0 1 1 0 0 0 1 0 0 0 1 0 1 0 0 1 0 1 0 0 
0 1 1 1 1 0 1 0 0 0 1 1 1 1 1 1 1 1 0 1 

0 1 1 0 1 1 0 1 0 0 0 1 1 1 1 0 1 1 0 0 
0 1 0 0 0 0 0 1 1 1 1 1 0 0 1 1 0 0 1 1 
1 0 0 1 0 1 0 0 0 0 0 1 0 1 0 0 0 0 1 1 
1 0 1 1 1 0 1 1 0 0 0 1 1 0 0 1 1 1 0 1 
1 1 1 0 0 1 1 0 0 1 0 1 1 1 0 0 0 0 0 1 
1 0 1 0 1 1 0 1 0 0 1 0 1 0 1 0 1 0 0 0 
0 1 1 0 0 1 0 1 1 1 1 0 0 1 1 0 0 1 0 0 
0 0 0 1 1 1 0 0 1 1 1 1 0 0 1 0 0 1 1 1 
1 0 1 1 0 1 0 0 0 0 0 1 0 0 0 0 0 0 0 1 
1 1 0 0 1 1 0 0 0 1 1 1 0 0 0 0 1 1 1 0 
0 0 0 1 1 0 0 0 0 1 1 0 1 1 1 1 0 1 0 1 
0 1 1 1 0 0 1 1 1 1 1 0 1 0 0 0 0 1 0 1 
0 1 0 0 1 0 0 1 1 0 0 1 1 0 0 1 1 0 0 0 
1 1 1 1 1 0 1 1 0 1 0 1 1 1 1 1 0 1 1 1 
1 0 0 0 1 0 1 1 0 0 0 1 0 1 0 1 1 0 1 1 
0 0 0 0 0 1 0 0 0 0 0 0 1 1 1 1 0 1 0 1 
1 1 1 0 0 0 1 1 1 1 1 1 1 1 1 1 1 0 0 0 
0 0 0 1 0 0 1 0 0 1 0 0 0 1 0 1 1 0 0 0 
1 1 0 0 1 0 0 1 0 0 0 0 0 1 0 0 1 1 1 0 
1 1 0 0 0 1 1 1 0 1 0 1 1 0 1 1 1 1 1 1 

1 1 0 1 0 1 0 0 0 1 1 0 0 1 0 1 0 0 1 1 
0 0 0 1 1 0 0 0 1 1 1 0 1 1 1 1 0 1 1 0 
0 1 1 1 0 1 0 0 0 1 1 0 1 1 1 0 0 1 0 0 
1 0 1 0 1 1 1 1 0 0 0 0 1 0 0 0 0 0 1 1 
1 0 1 1 1 1 1 0 0 0 0 1 1 1 1 0 0 1 0 1 
0 1 1 0 1 1 0 1 0 1 1 1 0 1 1 0 1 0 0 0 
0 0 1 0 1 0 0 1 1 1 1 1 0 0 1 1 0 1 1 0 
0 0 1 1 1 0 0 1 1 0 0 1 1 0 0 1 1 0 1 0 
1 1 1 1 0 0 1 0 1 1 0 0 1 1 0 1 1 0 1 0 
0 0 0 1 1 1 0 1 0 0 0 1 1 0 1 1 1 1 0 0 
0 1 0 0 1 1 0 1 0 1 0 0 0 0 1 1 1 0 1 1 
0 0 1 0 1 1 1 0 0 0 0 0 0 1 1 0 1 0 0 0 
0 1 1 1 1 1 1 0 1 0 1 1 0 0 1 1 1 1 0 1 
0 0 0 1 1 1 0 1 0 0 1 0 0 1 1 0 0 0 1 0 
0 1 1 1 0 0 0 0 0 0 1 0 1 1 0 0 1 1 0 1 
1 1 1 0 0 1 0 0 1 0 1 0 0 0 0 1 0 0 1 1 
0 0 0 1 0 1 1 1 1 0 0 1 1 0 1 1 0 0 0 0 
0 0 1 1 0 1 0 0 1 0 0 1 1 1 0 1 1 0 1 1 
1 1 0 1 1 0 1 0 0 0 0 0 1 0 1 0 0 0 1 1 
0 0 1 1 0 0 0 0 0 0 0 0 1 0 0 1 1 1 1 1 

0 0 1 1 0 1 1 0 1 1 1 0 0 1 1 1 1 0 1 1 
0 0 1 0 1 1 1 1 1 1 1 1 1 0 0 1 0 1 0 1 
0 0 0 1 1 1 1 0 0 0 0 0 1 0 1 0 1 1 0 0 
0 1 0 1 0 0 0 0 1 1 1 0 1 1 1 0 1 0 0 0 
0 0 1 1 1 1 1 1 1 1 0 1 0 1 0 0 0 1 0 0 
1 1 0 1 0 0 1 0 1 0 0 0 1 0 0 1 1 1 0 0 
0 1 0 1 1 1 1 1 1 1 1 0 1 1 0 1 1 0 1 0 
1 0 1 1 1 1 0 1 1 1 1 0 0 0 0 0 1 1 1 1 
0 1 0 1 1 1 0 0 1 0 1 1 0 1 0 0 0 1 1 1 
1 1 1 1 0 0 0 1 0 1 1 0 1 1 0 1 0 0 1 1 
1 0 1 0 1 0 0 0 0 0 0 1 0 0 0 1 1 0 0 1 
0 1 0 0 1 1 1 0 1 0 1 1 1 0 1 0 0 1 0 0 
0 0 1 0 1 0 1 0 0 1 0 0 1 0 0 0 0 0 0 1 
0 0 1 1 0 0 1 0 0 0 1 0 1 1 1 0 1 0 0 1 
0 1 1 0 0 0 0 1 1 1 1 1 0 0 1 1 0 0 1 0 
1 0 1 0 0 1 1 1 0 0 1 1 0 0 1 0 0 1 1 0 
1 1 1 0 0 0 0 0 0 1 1 0 0 0 0 0 0 0 1 0 
0 0 0 0 1 1 0 0 1 1 0 0 1 0 0 0 1 0 0 0 
1 0 0 0 1 1 1 0 0 0 1 0 0 0 1 1 0 1 1 0 
1 0 1 0 0 1 1 1 1 1 0 1 1 1 1 0 1 0 1 1 

1 0 0 0 0 1 0 0 0 0 1 0 1 0 1 0 1 0 0 0 
0 0 1 1 1 0 1 1 1 1 1 1 1 0 0 1 1 1 1 1 
0 0 0 0 1 1 0 0 0 1 1 0 0 0 0 0 0 1 1 0 
0 0 0 1 0 1 1 0 0 1 0 0 0 1 0 0 1 1 0 0 
0 1 1 1 0 0 0 1 0 0 0 0 0 0 0 1 1 0 1 1 
1 1 0 1 1 0 1 1 0 0 1 0 1 0 1 0 0 1 0 1 
1 1 1 1 1 1 0 1 1 1 1 0 0 1 0 0 0 0 0 0 
1 1 1 0 0 1 0 0 0 1 1 1 1 0 0 1 1 1 0 0 
1 1 1 1 0 1 1 1 1 0 0 0 1 0 0 0 0 1 1 1 
1 1 0 0 1 0 0 1 1 0 1 0 0 0 1 0 0 1 1 1 
0 1 1 1 0 0 0 0 1 0 0 1 1 1 0 0 1 1 0 1 
0 1 0 0 1 0 0 0 0 0 0 1 0 0 1 1 0 1 1 1 
1 1 0 1 1 1 0 0 0 1 0 0 1 1 0 0 1 1 1 0 
1 1 0 1 0 1 0 1 0 1 0 0 1 0 0 0 0 0 1 0 
0 1 0 0 0 0 1 0 1 1 0 1 0 1 0 1 1 1 1 1 
1 0 1 0 0 0 0 0 0 1 1 1 0 0 0 0 1 0 1 1 
1 1 1 0 1 0 0 1 1 0 1 1 1 1 0 0 0 1 1 0 
1 0 1 1 1 1 0 1 1 1 0 0 0 0 1 1 1 0 1 0 
1 1 1 0 0 1 1 1 1 1 1 0 1 1 0 0 1 0 1 0 
1 0 1 1 1 1 0 0 1 0 0 1 0 0 1 1 1 0 0 0 

0 1 0 1 1 1 0 1 1 0 1 1 0 1 0 0 0 1 0 0 
0 1 1 1 0 1 0 0 0 1 1 1 1 0 1 0 0 1 0 0 
0 0 0 0 0 1 0 0 1 1 0 0 1 0 0 0 0 1 1 0 
1 0 1 1 0 1 0 0 1 1 1 0 1 1 1 1 1 1 1 1 
1 0 0 1 0 0 0 0 0 0 1 1 1 0 1 0 0 0 0 1 
0 0 1 1 1 0 1 0 0 0 1 0 1 0 0 1 0 0 0 0 
1 1 0 1 0 0 1 0 0 0 0 0 1 0 0 1 0 1 1 1 
1 1 1 0 0 0 1 0 0 1 0 0 0 1 0 0 0 0 1 1 
0 0 0 1 1 1 1 1 0 0 1 1 1 1 0 0 0 1 1 0 
1 1 1 0 1 0 1 1 0 0 1 1 0 1 1 1 0 0 1 0 
0 0 0 0 0 0 0 0 0 0 0 0 1 0 1 1 0 1 0 1 
1 0 0 1 0 1 0 0 1 1 0 1 1 0 0 1 0 1 1 1 
0 1 1 0 0 0 1 0 0 0 1 1 1 0 1 0 0 0 0 0 
0 1 0 1 1 1 0 0 1 0 0 1 0 1 1 1 0 1 1 1 
0 0 1 1 0 1 0 1 1 0 0 0 1 0 0 0 1 1 1 1 
0 0 0 1 0 1 1 1 1 1 1 1 1 1 1 1 0 1 0 1 
0 0 1 0 0 1 1 1 0 0 0 0 1 0 1 0 0 1 1 0 
1 1 1 1 1 1 1 0 1 0 0 0 1 1 1 0 1 1 0 0 
1 1 1 1 1 0 1 1 0 0 0 0 1 0 1 0 1 0 1 0 
1 1 1 1 1 1 1 0 0 1 1 1 1 1 1 1 0 0 0 0 

