K = 10
N = 20
M = 20
P = 50

0 0 1 1 1 1 1 0 1 0 0 0 0 1 1 0 0 1 1 1 
0 0 1 0 0 0 0 1 0 0 0 0 0 0 0 1 0 1 0 1 
1 1 0 1 1 0 1 0 1 0 1 0 1 0 0 1 1 0 1 0 
1 0 1 1 1 1 1 0 0 1 1 0 0 0 1 0 1 0 0 1 
0 0 0 0 1 1 1 0 1 0 0 0 0 1 0 1 0 1 1 0 
1 1 0 0 1 0 1 0 0 1 1 0 1 1 0 0 0 0 0 1 
1 0 1 0 1 0 0 1 0 1 1 1 1 1 1 1 0 0 0 1 
1 0 1 0 0 1 1 0 0 1 0 1 1 1 0 0 1 1 0 1 
0 1 1 0 0 0 1 1 0 1 0 1 0 1 0 1 1 0 0 1 
1 0 0 0 0 0 1 1 0 0 0 0 1 0 1 0 1 0 0 1 
1 0 1 1 0 0 1 1 1 1 0 0 1 0 0 0 0 0 1 1 
1 1 0 1 0 1 1 0 0 0 1 0 1 0 0 0 1 1 1 1 
0 1 1 0 1 0 1 1 0 0 1 1 1 1 0 1 0 0 1 0 
1 0 0 1 0 1 0 0 0 1 0 1 1 1 1 0 0 1 0 0 
1 0 1 0 0 1 1 0 1 1 1 0 1 0 1 1 0 1 1 1 
1 0 1 1 0 0 1 0 0 0 0 1 1 1 0 1 0 1 0 1 
1 0 1 1 1 1 1 1 1 0 0 1 0 1 0 0 0 0 1 0 
0 0 0 0 0 1 0 1 1 1 0 0 0 1 1 1 1 0 0 0 
1 0 0 1 0 0 1 1 0 0 0 0 0 1 1 1 0 1 1 1 
1 0 1 1 0 1 0 0 1 1 1 0 1 1 0 1 0 1 1 0 
максимальное количество нулей примыкающих друг к другу = 26

0 0 1 1 1 0 1 0 1 0 0 0 1 1 0 0 1 1 1 0 
1 0 0 0 0 0 0 0 0 0 1 1 0 1 0 1 0 0 1 1 
0 1 1 1 0 1 0 1 1 1 1 0 1 1 1 0 0 1 1 0 
0 1 1 1 0 1 1 0 1 0 1 0 0 0 1 1 0 1 0 1 
0 1 0 1 0 1 1 0 1 1 0 1 1 1 1 1 1 0 0 0 
0 0 0 0 1 0 0 1 1 0 1 1 1 1 1 0 1 1 0 0 
0 0 1 0 1 0 0 1 1 0 0 0 1 1 1 1 0 0 1 0 
1 1 0 1 1 1 1 0 0 0 1 1 0 1 0 0 1 1 0 1 
0 1 1 0 1 1 0 0 1 1 0 0 0 0 0 1 1 0 0 0 
0 1 0 0 0 0 0 1 0 0 1 1 0 1 1 0 1 0 0 1 
0 1 0 1 0 1 1 0 0 0 1 0 0 1 1 1 1 1 1 1 
1 1 1 0 1 0 1 0 1 1 0 1 0 1 1 1 0 1 0 1 
1 1 0 1 0 0 1 1 1 0 0 0 1 1 1 1 0 0 1 1 
0 1 1 1 1 0 1 0 0 0 1 0 1 1 1 0 0 0 0 0 
1 0 0 1 1 1 0 1 0 0 0 0 0 1 1 0 0 1 0 0 
1 1 0 0 1 1 1 1 1 0 1 1 0 0 0 1 1 1 1 1 
1 1 0 1 1 0 0 0 1 1 1 0 0 1 0 0 0 1 0 1 
0 1 1 1 0 1 1 0 1 1 1 0 0 0 0 1 0 1 1 0 
0 0 0 1 1 0 0 0 0 0 1 0 1 0 0 0 1 0 1 0 
0 0 1 0 1 0 0 0 0 0 1 0 0 1 0 1 0 0 0 0 
максимальное количество нулей примыкающих друг к другу = 34

0 1 0 1 0 0 1 1 1 1 0 0 1 1 0 0 1 1 1 0 
1 0 1 0 0 0 0 0 0 1 1 0 0 0 1 0 0 1 0 1 
0 1 0 1 1 0 0 1 1 0 1 0 1 1 0 1 1 0 1 1 
1 0 1 1 0 1 1 0 0 0 0 0 0 1 1 1 0 0 1 1 
1 1 1 0 0 1 0 0 1 1 1 0 0 1 0 0 0 1 0 1 
1 1 0 1 1 0 0 0 0 0 1 1 1 0 0 1 0 1 0 0 
1 1 0 1 0 0 0 0 1 0 1 0 1 1 1 0 0 0 0 1 
1 0 1 0 1 1 1 1 0 1 1 0 0 0 1 0 1 0 1 1 
1 0 1 1 1 1 0 0 1 0 1 1 0 1 1 0 0 1 1 0 
0 0 0 0 1 1 0 1 0 1 0 1 1 1 0 1 1 1 0 0 
1 1 0 1 1 0 0 1 1 0 1 0 1 1 0 1 0 1 1 1 
1 0 0 1 0 1 1 0 1 0 0 1 0 1 0 0 1 0 1 1 
1 0 0 1 1 0 1 1 0 1 0 1 0 0 0 1 1 0 0 0 
0 1 0 1 0 0 0 0 1 0 1 0 0 1 0 0 1 1 1 1 
1 0 0 0 0 1 0 1 1 0 1 0 0 1 1 0 1 0 1 0 
0 1 0 0 1 1 0 1 1 1 0 1 1 0 0 0 0 1 1 0 
1 1 1 1 0 0 0 1 0 0 1 0 1 0 0 1 0 1 1 1 
0 0 1 1 1 0 1 1 0 1 1 0 1 0 0 0 0 0 0 1 
1 1 0 0 0 1 1 0 0 1 1 0 1 0 1 1 1 1 0 1 
0 0 0 0 0 0 1 0 1 0 0 1 0 0 1 1 1 0 0 0 
максимальное количество нулей примыкающих друг к другу = 35

0 0 1 0 0 0 1 0 1 0 1 1 0 0 0 1 1 1 0 0 
0 0 1 1 0 0 1 1 1 0 0 0 1 1 1 0 1 0 1 0 
0 0 0 1 1 0 1 1 1 1 0 1 0 1 0 1 0 0 1 1 
1 1 1 0 0 0 1 0 1 0 1 1 1 0 0 1 0 0 1 1 
0 0 1 0 1 0 1 0 0 1 1 1 1 1 0 0 0 1 0 1 
0 0 0 1 1 0 0 0 0 0 1 1 1 0 1 0 0 1 1 0 
0 0 0 0 0 0 1 1 1 0 1 0 0 0 0 0 0 0 0 0 
1 0 1 1 0 1 0 0 1 0 1 1 1 0 1 1 1 1 1 1 
0 1 0 0 1 1 0 0 1 0 1 0 0 1 0 0 1 0 1 0 
0 0 0 0 1 0 0 1 1 1 0 0 0 0 0 0 0 1 0 0 
1 0 1 1 0 1 1 1 0 1 0 0 0 0 0 1 0 1 0 0 
0 1 1 1 1 1 0 1 1 1 1 1 0 0 1 0 0 0 0 0 
1 1 0 1 1 1 0 0 0 1 1 1 0 0 1 0 0 0 1 0 
1 1 0 1 1 0 1 1 0 0 1 1 0 0 0 0 0 0 0 0 
1 0 1 1 0 1 0 0 0 1 1 0 1 0 0 1 0 1 1 1 
0 0 1 0 1 0 1 1 0 0 1 1 1 1 0 1 1 1 0 0 
1 1 1 1 0 1 1 0 1 1 0 0 1 1 1 0 0 1 1 0 
0 0 1 1 0 1 1 1 0 0 1 1 0 0 1 1 0 0 1 1 
1 1 1 1 1 1 1 0 1 1 0 0 1 1 0 0 0 1 1 1 
0 1 1 0 0 1 0 0 1 1 0 1 1 1 1 1 1 1 0 1 
максимальное количество нулей примыкающих друг к другу = 47

0 0 1 1 1 0 1 0 1 0 0 1 0 0 1 1 0 1 1 1 
0 1 0 1 1 0 1 1 1 0 0 0 0 0 1 1 1 1 1 1 
1 1 1 0 0 0 1 0 0 0 0 0 0 0 0 0 1 1 0 0 
0 0 1 1 1 0 1 0 0 1 1 1 0 0 0 1 1 1 0 0 
0 0 1 1 0 1 0 0 1 0 0 0 1 0 1 0 1 1 1 1 
0 1 1 0 0 0 0 1 0 0 1 1 0 0 1 1 1 0 1 0 
1 0 0 0 0 1 0 0 0 1 0 0 1 0 1 1 1 0 1 0 
0 1 1 0 1 1 0 1 0 1 1 0 0 1 0 0 1 1 1 0 
0 1 1 0 1 1 1 1 1 1 0 1 0 0 0 0 0 0 1 0 
0 1 1 0 0 1 0 1 0 1 1 0 1 0 0 1 1 1 0 0 
1 0 1 1 0 0 1 0 1 1 0 1 1 1 0 1 0 0 1 1 
1 1 0 0 0 0 1 1 0 1 1 0 0 1 1 0 1 0 0 1 
0 0 1 0 1 0 1 1 0 0 0 0 1 0 1 1 0 1 0 0 
0 0 0 0 1 0 0 0 1 1 0 1 1 1 1 0 1 0 0 1 
1 1 0 1 0 0 0 1 0 0 1 1 1 0 1 1 0 0 1 1 
0 1 1 0 1 1 0 1 1 0 0 1 1 1 0 1 0 1 1 1 
0 0 1 0 0 1 0 0 1 0 1 0 1 1 0 0 1 0 1 1 
1 1 1 0 0 0 0 1 1 0 0 0 1 1 1 0 0 1 0 1 
0 1 1 0 0 0 1 0 0 0 1 0 1 0 0 1 0 1 0 0 
0 1 1 1 1 0 1 0 0 0 1 1 1 1 1 1 1 1 0 1 
максимальное количество нулей примыкающих друг к другу = 87

0 1 1 0 1 1 0 1 0 0 0 1 1 1 1 0 1 1 0 0 
0 1 0 0 0 0 0 1 1 1 1 1 0 0 1 1 0 0 1 1 
1 0 0 1 0 1 0 0 0 0 0 1 0 1 0 0 0 0 1 1 
1 0 1 1 1 0 1 1 0 0 0 1 1 0 0 1 1 1 0 1 
1 1 1 0 0 1 1 0 0 1 0 1 1 1 0 0 0 0 0 1 
1 0 1 0 1 1 0 1 0 0 1 0 1 0 1 0 1 0 0 0 
0 1 1 0 0 1 0 1 1 1 1 0 0 1 1 0 0 1 0 0 
0 0 0 1 1 1 0 0 1 1 1 1 0 0 1 0 0 1 1 1 
1 0 1 1 0 1 0 0 0 0 0 1 0 0 0 0 0 0 0 1 
1 1 0 0 1 1 0 0 0 1 1 1 0 0 0 0 1 1 1 0 
0 0 0 1 1 0 0 0 0 1 1 0 1 1 1 1 0 1 0 1 
0 1 1 1 0 0 1 1 1 1 1 0 1 0 0 0 0 1 0 1 
0 1 0 0 1 0 0 1 1 0 0 1 1 0 0 1 1 0 0 0 
1 1 1 1 1 0 1 1 0 1 0 1 1 1 1 1 0 1 1 1 
1 0 0 0 1 0 1 1 0 0 0 1 0 1 0 1 1 0 1 1 
0 0 0 0 0 1 0 0 0 0 0 0 1 1 1 1 0 1 0 1 
1 1 1 0 0 0 1 1 1 1 1 1 1 1 1 1 1 0 0 0 
0 0 0 1 0 0 1 0 0 1 0 0 0 1 0 1 1 0 0 0 
1 1 0 0 1 0 0 1 0 0 0 0 0 1 0 0 1 1 1 0 
1 1 0 0 0 1 1 1 0 1 0 1 1 0 1 1 1 1 1 1 
максимальное количество нулей примыкающих друг к другу = 40

1 1 0 1 0 1 0 0 0 1 1 0 0 1 0 1 0 0 1 1 
0 0 0 1 1 0 0 0 1 1 1 0 1 1 1 1 0 1 1 0 
0 1 1 1 0 1 0 0 0 1 1 0 1 1 1 0 0 1 0 0 
1 0 1 0 1 1 1 1 0 0 0 0 1 0 0 0 0 0 1 1 
1 0 1 1 1 1 1 0 0 0 0 1 1 1 1 0 0 1 0 1 
0 1 1 0 1 1 0 1 0 1 1 1 0 1 1 0 1 0 0 0 
0 0 1 0 1 0 0 1 1 1 1 1 0 0 1 1 0 1 1 0 
0 0 1 1 1 0 0 1 1 0 0 1 1 0 0 1 1 0 1 0 
1 1 1 1 0 0 1 0 1 1 0 0 1 1 0 1 1 0 1 0 
0 0 0 1 1 1 0 1 0 0 0 1 1 0 1 1 1 1 0 0 
0 1 0 0 1 1 0 1 0 1 0 0 0 0 1 1 1 0 1 1 
0 0 1 0 1 1 1 0 0 0 0 0 0 1 1 0 1 0 0 0 
0 1 1 1 1 1 1 0 1 0 1 1 0 0 1 1 1 1 0 1 
0 0 0 1 1 1 0 1 0 0 1 0 0 1 1 0 0 0 1 0 
0 1 1 1 0 0 0 0 0 0 1 0 1 1 0 0 1 1 0 1 
1 1 1 0 0 1 0 0 1 0 1 0 0 0 0 1 0 0 1 1 
0 0 0 1 0 1 1 1 1 0 0 1 1 0 1 1 0 0 0 0 
0 0 1 1 0 1 0 0 1 0 0 1 1 1 0 1 1 0 1 1 
1 1 0 1 1 0 1 0 0 0 0 0 1 0 1 0 0 0 1 1 
0 0 1 1 0 0 0 0 0 0 0 0 1 0 0 1 1 1 1 1 
максимальное количество нулей примыкающих друг к другу = 72

0 0 1 1 0 1 1 0 1 1 1 0 0 1 1 1 1 0 1 1 
0 0 1 0 1 1 1 1 1 1 1 1 1 0 0 1 0 1 0 1 
0 0 0 1 1 1 1 0 0 0 0 0 1 0 1 0 1 1 0 0 
0 1 0 1 0 0 0 0 1 1 1 0 1 1 1 0 1 0 0 0 
0 0 1 1 1 1 1 1 1 1 0 1 0 1 0 0 0 1 0 0 
1 1 0 1 0 0 1 0 1 0 0 0 1 0 0 1 1 1 0 0 
0 1 0 1 1 1 1 1 1 1 1 0 1 1 0 1 1 0 1 0 
1 0 1 1 1 1 0 1 1 1 1 0 0 0 0 0 1 1 1 1 
0 1 0 1 1 1 0 0 1 0 1 1 0 1 0 0 0 1 1 1 
1 1 1 1 0 0 0 1 0 1 1 0 1 1 0 1 0 0 1 1 
1 0 1 0 1 0 0 0 0 0 0 1 0 0 0 1 1 0 0 1 
0 1 0 0 1 1 1 0 1 0 1 1 1 0 1 0 0 1 0 0 
0 0 1 0 1 0 1 0 0 1 0 0 1 0 0 0 0 0 0 1 
0 0 1 1 0 0 1 0 0 0 1 0 1 1 1 0 1 0 0 1 
0 1 1 0 0 0 0 1 1 1 1 1 0 0 1 1 0 0 1 0 
1 0 1 0 0 1 1 1 0 0 1 1 0 0 1 0 0 1 1 0 
1 1 1 0 0 0 0 0 0 1 1 0 0 0 0 0 0 0 1 0 
0 0 0 0 1 1 0 0 1 1 0 0 1 0 0 0 1 0 0 0 
1 0 0 0 1 1 1 0 0 0 1 0 0 0 1 1 0 1 1 0 
1 0 1 0 0 1 1 1 1 1 0 1 1 1 1 0 1 0 1 1 
максимальное количество нулей примыкающих друг к другу = 74

1 0 0 0 0 1 0 0 0 0 1 0 1 0 1 0 1 0 0 0 
0 0 1 1 1 0 1 1 1 1 1 1 1 0 0 1 1 1 1 1 
0 0 0 0 1 1 0 0 0 1 1 0 0 0 0 0 0 1 1 0 
0 0 0 1 0 1 1 0 0 1 0 0 0 1 0 0 1 1 0 0 
0 1 1 1 0 0 0 1 0 0 0 0 0 0 0 1 1 0 1 1 
1 1 0 1 1 0 1 1 0 0 1 0 1 0 1 0 0 1 0 1 
1 1 1 1 1 1 0 1 1 1 1 0 0 1 0 0 0 0 0 0 
1 1 1 0 0 1 0 0 0 1 1 1 1 0 0 1 1 1 0 0 
1 1 1 1 0 1 1 1 1 0 0 0 1 0 0 0 0 1 1 1 
1 1 0 0 1 0 0 1 1 0 1 0 0 0 1 0 0 1 1 1 
0 1 1 1 0 0 0 0 1 0 0 1 1 1 0 0 1 1 0 1 
0 1 0 0 1 0 0 0 0 0 0 1 0 0 1 1 0 1 1 1 
1 1 0 1 1 1 0 0 0 1 0 0 1 1 0 0 1 1 1 0 
1 1 0 1 0 1 0 1 0 1 0 0 1 0 0 0 0 0 1 0 
0 1 0 0 0 0 1 0 1 1 0 1 0 1 0 1 1 1 1 1 
1 0 1 0 0 0 0 0 0 1 1 1 0 0 0 0 1 0 1 1 
1 1 1 0 1 0 0 1 1 0 1 1 1 1 0 0 0 1 1 0 
1 0 1 1 1 1 0 1 1 1 0 0 0 0 1 1 1 0 1 0 
1 1 1 0 0 1 1 1 1 1 1 0 1 1 0 0 1 0 1 0 
1 0 1 1 1 1 0 0 1 0 0 1 0 0 1 1 1 0 0 0 
максимальное количество нулей примыкающих друг к другу = 52

0 1 0 1 1 1 0 1 1 0 1 1 0 1 0 0 0 1 0 0 
0 1 1 1 0 1 0 0 0 1 1 1 1 0 1 0 0 1 0 0 
0 0 0 0 0 1 0 0 1 1 0 0 1 0 0 0 0 1 1 0 
1 0 1 1 0 1 0 0 1 1 1 0 1 1 1 1 1 1 1 1 
1 0 0 1 0 0 0 0 0 0 1 1 1 0 1 0 0 0 0 1 
0 0 1 1 1 0 1 0 0 0 1 0 1 0 0 1 0 0 0 0 
1 1 0 1 0 0 1 0 0 0 0 0 1 0 0 1 0 1 1 1 
1 1 1 0 0 0 1 0 0 1 0 0 0 1 0 0 0 0 1 1 
0 0 0 1 1 1 1 1 0 0 1 1 1 1 0 0 0 1 1 0 
1 1 1 0 1 0 1 1 0 0 1 1 0 1 1 1 0 0 1 0 
0 0 0 0 0 0 0 0 0 0 0 0 1 0 1 1 0 1 0 1 
1 0 0 1 0 1 0 0 1 1 0 1 1 0 0 1 0 1 1 1 
0 1 1 0 0 0 1 0 0 0 1 1 1 0 1 0 0 0 0 0 
0 1 0 1 1 1 0 0 1 0 0 1 0 1 1 1 0 1 1 1 
0 0 1 1 0 1 0 1 1 0 0 0 1 0 0 0 1 1 1 1 
0 0 0 1 0 1 1 1 1 1 1 1 1 1 1 1 0 1 0 1 
0 0 1 0 0 1 1 1 0 0 0 0 1 0 1 0 0 1 1 0 
1 1 1 1 1 1 1 0 1 0 0 0 1 1 1 0 1 1 0 0 
1 1 1 1 1 0 1 1 0 0 0 0 1 0 1 0 1 0 1 0 
1 1 1 1 1 1 1 0 0 1 1 1 1 1 1 1 0 0 0 0 
максимальное количество нулей примыкающих друг к другу = 86

